{"capacity": 200, "cluster_count": 3, "cluster_speeds": [[1, 0.333333, 0.666667, 0.5, 0.833333], [1.16667, 0.666667, 1.33333, 0.833333, 1], [1.5, 1, 1.66667, 1.16667, 1.33333]], "clusters": [[0, 1, 2, 1, 2, 0, 2, 0, 0, 0, 2, 0, 1, 0, 0, 0, 2, 2, 1, 2, 1, 2, 0, 1, 2, 0, 0], [0, 0, 2, 2, 2, 1, 0, 2, 1, 2, 0, 1, 0, 0, 2, 0, 2, 1, 0, 0, 2, 1, 2, 1, 1, 2, 1], [0, 2, 0, 1, 1, 1, 1, 0, 0, 1, 2, 0, 2, 2, 0, 2, 0, 1, 2, 1, 1, 1, 0, 2, 2, 2, 2], [0, 2, 1, 0, 1, 1, 1, 2, 1, 1, 0, 0, 1, 2, 1, 2, 2, 0, 0, 2, 0, 2, 1, 1, 2, 0, 2], [0, 2, 1, 1, 0, 1, 1, 0, 0, 2, 1, 1, 2, 2, 2, 0, 2, 1, 2, 0, 2, 0, 0, 1, 2, 2, 1], [0, 1, 1, 1, 1, 0, 2, 2, 2, 1, 0, 1, 2, 1, 1, 2, 1, 1, 0, 2, 2, 2, 0, 2, 1, 1, 2], [0, 0, 1, 1, 1, 2, 0, 1, 2, 1, 0, 1, 0, 0, 2, 1, 2, 1, 0, 1, 0, 0, 2, 2, 2, 2, 0], [0, 2, 0, 2, 0, 2, 1, 0, 0, 1, 2, 0, 0, 2, 1, 2, 2, 0, 1, 0, 2, 1, 1, 2, 1, 2, 2], [0, 1, 0, 1, 0, 2, 2, 0, 0, 0, 1, 0, 1, 0, 1, 1, 2, 1, 1, 2, 2, 1, 1, 1, 2, 1, 0], [0, 2, 1, 1, 2, 1, 1, 1, 0, 0, 2, 0, 0, 1, 0, 2, 0, 0, 2, 1, 1, 2, 2, 1, 2, 0, 0], [0, 0, 2, 0, 1, 0, 0, 2, 1, 2, 0, 1, 0, 0, 0, 2, 1, 2, 2, 2, 1, 0, 2, 2, 2, 1, 1], [0, 1, 0, 0, 1, 1, 1, 0, 0, 0, 1, 0, 2, 0, 1, 0, 2, 1, 0, 2, 0, 2, 2, 0, 0, 1, 1], [0, 0, 2, 1, 2, 2, 0, 0, 1, 0, 0, 2, 0, 2, 1, 2, 1, 1, 2, 2, 0, 1, 0, 0, 1, 1, 1], [0, 0, 2, 2, 2, 1, 0, 2, 0, 1, 0, 0, 2, 0, 0, 0, 0, 0, 1, 2, 2, 0, 2, 2, 1, 2, 2], [0, 2, 0, 1, 2, 1, 2, 1, 1, 0, 0, 1, 1, 0, 0, 1, 2, 2, 0, 0, 2, 2, 2, 1, 0, 1, 0], [0, 0, 2, 2, 0, 2, 1, 2, 1, 2, 2, 0, 2, 0, 1, 0, 0, 0, 0, 1, 2, 0, 2, 2, 0, 2, 2], [0, 2, 0, 2, 2, 1, 2, 2, 2, 0, 1, 2, 1, 0, 2, 0, 0, 1, 1, 1, 1, 2, 2, 1, 2, 1, 2], [0, 1, 1, 0, 1, 1, 1, 0, 1, 0, 2, 1, 1, 0, 2, 0, 1, 0, 1, 2, 2, 0, 2, 2, 1, 0, 1], [0, 0, 2, 0, 2, 0, 0, 1, 1, 2, 2, 0, 2, 1, 0, 0, 1, 1, 0, 0, 2, 0, 0, 0, 2, 0, 1], [0, 0, 1, 2, 0, 2, 1, 0, 2, 1, 2, 2, 2, 2, 0, 1, 1, 2, 0, 0, 1, 0, 1, 1, 2, 2, 2], [0, 2, 1, 0, 2, 2, 0, 2, 2, 1, 1, 0, 0, 2, 2, 2, 1, 2, 2, 1, 0, 2, 2, 0, 1, 0, 0], [0, 1, 1, 2, 0, 2, 0, 1, 1, 2, 0, 2, 1, 0, 2, 0, 2, 0, 0, 0, 2, 0, 1, 0, 2, 2, 0], [0, 2, 0, 1, 0, 0, 2, 1, 1, 2, 2, 2, 0, 2, 2, 2, 2, 2, 0, 1, 2, 1, 0, 1, 2, 0, 2], [0, 1, 2, 1, 1, 2, 2, 2, 1, 1, 2, 0, 0, 2, 1, 2, 1, 2, 0, 1, 0, 0, 1, 0, 2, 2, 2], [0, 1, 2, 2, 2, 1, 2, 1, 2, 2, 2, 0, 1, 1, 0, 0, 2, 1, 2, 2, 1, 2, 2, 2, 0, 1, 1], [0, 2, 2, 0, 2, 1, 2, 2, 1, 0, 1, 1, 1, 2, 1, 2, 1, 0, 0, 2, 0, 2, 0, 2, 1, 0, 1], [0, 0, 0, 0, 0, 0, 0, 0, 0, 0, 0, 0, 0, 0, 0, 0, 0, 0, 0, 0, 0, 0, 0, 0, 0, 0, 0]], "dataset_name": "euroalio2018", "demands": [0, 10, 7, 13, 19, 26, 3, 5, 9, 16, 16, 12, 19, 23, 20, 8, 19, 2, 12, 17, 9, 11, 18, 29, 3, 6, 0], "digraph": {"arc_count": 650, "arcs": [[0, 1, 1, 1, 1, 1, 1, 1, 1, 1, 1, 1, 1, 1, 1, 1, 1, 1, 1, 1, 1, 1, 1, 1, 1, 1, 0], [0, 0, 1, 1, 1, 1, 1, 1, 1, 1, 1, 1, 1, 1, 1, 1, 1, 1, 1, 1, 1, 1, 1, 1, 1, 1, 1], [0, 1, 0, 1, 1, 1, 1, 1, 1, 1, 1, 1, 1, 1, 1, 1, 1, 1, 1, 1, 1, 1, 1, 1, 1, 1, 1], [0, 1, 1, 0, 1, 1, 1, 1, 1, 1, 1, 1, 1, 1, 1, 1, 1, 1, 1, 1, 1, 1, 1, 1, 1, 1, 1], [0, 1, 1, 1, 0, 1, 1, 1, 1, 1, 1, 1, 1, 1, 1, 1, 1, 1, 1, 1, 1, 1, 1, 1, 1, 1, 1], [0, 1, 1, 1, 1, 0, 1, 1, 1, 1, 1, 1, 1, 1, 1, 1, 1, 1, 1, 1, 1, 1, 1, 1, 1, 1, 1], [0, 1, 1, 1, 1, 1, 0, 1, 1, 1, 1, 1, 1, 1, 1, 1, 1, 1, 1, 1, 1, 1, 1, 1, 1, 1, 1], [0, 1, 1, 1, 1, 1, 1, 0, 1, 1, 1, 1, 1, 1, 1, 1, 1, 1, 1, 1, 1, 1, 1, 1, 1, 1, 1], [0, 1, 1, 1, 1, 1, 1, 1, 0, 1, 1, 1, 1, 1, 1, 1, 1, 1, 1, 1, 1, 1, 1, 1, 1, 1, 1], [0, 1, 1, 1, 1, 1, 1, 1, 1, 0, 1, 1, 1, 1, 1, 1, 1, 1, 1, 1, 1, 1, 1, 1, 1, 1, 1], [0, 1, 1, 1, 1, 1, 1, 1, 1, 1, 0, 1, 1, 1, 1, 1, 1, 1, 1, 1, 1, 1, 1, 1, 1, 1, 1], [0, 1, 1, 1, 1, 1, 1, 1, 1, 1, 1, 0, 1, 1, 1, 1, 1, 1, 1, 1, 1, 1, 1, 1, 1, 1, 1], [0, 1, 1, 1, 1, 1, 1, 1, 1, 1, 1, 1, 0, 1, 1, 1, 1, 1, 1, 1, 1, 1, 1, 1, 1, 1, 1], [0, 1, 1, 1, 1, 1, 1, 1, 1, 1, 1, 1, 1, 0, 1, 1, 1, 1, 1, 1, 1, 1, 1, 1, 1, 1, 1], [0, 1, 1, 1, 1, 1, 1, 1, 1, 1, 1, 1, 1, 1, 0, 1, 1, 1, 1, 1, 1, 1, 1, 1, 1, 1, 1], [0, 1, 1, 1, 1, 1, 1, 1, 1, 1, 1, 1, 1, 1, 1, 0, 1, 1, 1, 1, 1, 1, 1, 1, 1, 1, 1], [0, 1, 1, 1, 1, 1, 1, 1, 1, 1, 1, 1, 1, 1, 1, 1, 0, 1, 1, 1, 1, 1, 1, 1, 1, 1, 1], [0, 1, 1, 1, 1, 1, 1, 1, 1, 1, 1, 1, 1, 1, 1, 1, 1, 0, 1, 1, 1, 1, 1, 1, 1, 1, 1], [0, 1, 1, 1, 1, 1, 1, 1, 1, 1, 1, 1, 1, 1, 1, 1, 1, 1, 0, 1, 1, 1, 1, 1, 1, 1, 1], [0, 1, 1, 1, 1, 1, 1, 1, 1, 1, 1, 1, 1, 1, 1, 1, 1, 1, 1, 0, 1, 1, 1, 1, 1, 1, 1], [0, 1, 1, 1, 1, 1, 1, 1, 1, 1, 1, 1, 1, 1, 1, 1, 1, 1, 1, 1, 0, 1, 1, 1, 1, 1, 1], [0, 1, 1, 1, 1, 1, 1, 1, 1, 1, 1, 1, 1, 1, 1, 1, 1, 1, 1, 1, 1, 0, 1, 1, 1, 1, 1], [0, 1, 1, 1, 1, 1, 1, 1, 1, 1, 1, 1, 1, 1, 1, 1, 1, 1, 1, 1, 1, 1, 0, 1, 1, 1, 1], [0, 1, 1, 1, 1, 1, 1, 1, 1, 1, 1, 1, 1, 1, 1, 1, 1, 1, 1, 1, 1, 1, 1, 0, 1, 1, 1], [0, 1, 1, 1, 1, 1, 1, 1, 1, 1, 1, 1, 1, 1, 1, 1, 1, 1, 1, 1, 1, 1, 1, 1, 0, 1, 1], [0, 1, 1, 1, 1, 1, 1, 1, 1, 1, 1, 1, 1, 1, 1, 1, 1, 1, 1, 1, 1, 1, 1, 1, 1, 0, 1], [0, 0, 0, 0, 0, 0, 0, 0, 0, 0, 0, 0, 0, 0, 0, 0, 0, 0, 0, 0, 0, 0, 0, 0, 0, 0, 0]], "coordinates": [[35.0, 35.0], [41.0, 49.0], [35.0, 17.0], [55.0, 45.0], [55.0, 20.0], [15.0, 30.0], [25.0, 30.0], [20.0, 50.0], [10.0, 43.0], [55.0, 60.0], [30.0, 60.0], [20.0, 65.0], [50.0, 35.0], [30.0, 25.0], [15.0, 10.0], [30.0, 5.0], [10.0, 20.0], [5.0, 30.0], [20.0, 40.0], [15.0, 60.0], [45.0, 65.0], [45.0, 20.0], [45.0, 10.0], [55.0, 5.0], [65.0, 35.0], [65.0, 20.0], [35.0, 35.0]], "vertex_count": 27}, "distances": [[0.0, 152.0, 180.0, 223.0, 250.0, 206.0, 111.0, 212.0, 262.0, 320.0, 254.0, 335.0, 150.0, 111.0, 320.0, 304.0, 291.0, 304.0, 158.0, 320.0, 316.0, 180.0, 269.0, 360.0, 300.0, 335.0, 0.0], [152.0, 0.0, 325.0, 145.0, 322.0, 322.0, 248.0, 210.0, 315.0, 178.0, 155.0, 264.0, 166.0, 264.0, 468.0, 453.0, 424.0, 407.0, 228.0, 282.0, 164.0, 292.0, 392.0, 461.0, 277.0, 376.0, 152.0], [180.0, 325.0, 0.0, 344.0, 202.0, 238.0, 164.0, 362.0, 360.0, 474.0, 432.0, 502.0, 234.0, 94.0, 211.0, 130.0, 251.0, 326.0, 274.0, 474.0, 490.0, 104.0, 122.0, 233.0, 349.0, 301.0, 180.0], [223.0, 145.0, 344.0, 0.0, 250.0, 427.0, 335.0, 353.0, 450.0, 150.0, 291.0, 403.0, 111.0, 320.0, 531.0, 471.0, 514.0, 522.0, 353.0, 427.0, 223.0, 269.0, 364.0, 400.0, 141.0, 269.0, 223.0], [250.0, 322.0, 202.0, 250.0, 0.0, 412.0, 316.0, 460.0, 505.0, 400.0, 471.0, 570.0, 158.0, 254.0, 412.0, 291.0, 450.0, 509.0, 403.0, 565.0, 460.0, 100.0, 141.0, 150.0, 180.0, 100.0, 250.0], [206.0, 322.0, 238.0, 427.0, 412.0, 0.0, 100.0, 206.0, 139.0, 500.0, 335.0, 353.0, 353.0, 158.0, 200.0, 291.0, 111.0, 100.0, 111.0, 300.0, 460.0, 316.0, 360.0, 471.0, 502.0, 509.0, 206.0], [111.0, 248.0, 164.0, 335.0, 316.0, 100.0, 0.0, 206.0, 198.0, 424.0, 304.0, 353.0, 254.0, 70.0, 223.0, 254.0, 180.0, 200.0, 111.0, 316.0, 403.0, 223.0, 282.0, 390.0, 403.0, 412.0, 111.0], [212.0, 210.0, 362.0, 353.0, 460.0, 206.0, 206.0, 0.0, 122.0, 364.0, 141.0, 150.0, 335.0, 269.0, 403.0, 460.0, 316.0, 250.0, 100.0, 111.0, 291.0, 390.0, 471.0, 570.0, 474.0, 540.0, 212.0], [262.0, 315.0, 360.0, 450.0, 505.0, 139.0, 198.0, 122.0, 0.0, 481.0, 262.0, 241.0, 407.0, 269.0, 333.0, 429.0, 230.0, 139.0, 104.0, 177.0, 413.0, 418.0, 481.0, 588.0, 555.0, 596.0, 262.0], [320.0, 178.0, 474.0, 150.0, 400.0, 500.0, 424.0, 364.0, 481.0, 0.0, 250.0, 353.0, 254.0, 430.0, 640.0, 604.0, 602.0, 583.0, 403.0, 400.0, 111.0, 412.0, 509.0, 550.0, 269.0, 412.0, 320.0], [254.0, 155.0, 432.0, 291.0, 471.0, 335.0, 304.0, 141.0, 262.0, 250.0, 0.0, 111.0, 320.0, 350.0, 522.0, 550.0, 447.0, 390.0, 223.0, 150.0, 158.0, 427.0, 522.0, 604.0, 430.0, 531.0, 254.0], [335.0, 264.0, 502.0, 403.0, 570.0, 353.0, 353.0, 150.0, 241.0, 353.0, 111.0, 0.0, 424.0, 412.0, 552.0, 608.0, 460.0, 380.0, 250.0, 70.0, 250.0, 514.0, 604.0, 694.0, 540.0, 636.0, 335.0], [150.0, 166.0, 234.0, 111.0, 158.0, 353.0, 254.0, 335.0, 407.0, 254.0, 320.0, 424.0, 0.0, 223.0, 430.0, 360.0, 427.0, 452.0, 304.0, 430.0, 304.0, 158.0, 254.0, 304.0, 150.0, 212.0, 150.0], [111.0, 264.0, 94.0, 320.0, 254.0, 158.0, 70.0, 269.0, 269.0, 430.0, 350.0, 412.0, 223.0, 0.0, 212.0, 200.0, 206.0, 254.0, 180.0, 380.0, 427.0, 158.0, 212.0, 320.0, 364.0, 353.0, 111.0], [320.0, 468.0, 211.0, 531.0, 412.0, 200.0, 223.0, 403.0, 333.0, 640.0, 522.0, 552.0, 430.0, 212.0, 0.0, 158.0, 111.0, 223.0, 304.0, 500.0, 626.0, 316.0, 300.0, 403.0, 559.0, 509.0, 320.0], [304.0, 453.0, 130.0, 471.0, 291.0, 291.0, 254.0, 460.0, 429.0, 604.0, 550.0, 608.0, 360.0, 200.0, 158.0, 0.0, 250.0, 353.0, 364.0, 570.0, 618.0, 212.0, 158.0, 250.0, 460.0, 380.0, 304.0], [291.0, 424.0, 251.0, 514.0, 450.0, 111.0, 180.0, 316.0, 230.0, 602.0, 447.0, 460.0, 427.0, 206.0, 111.0, 250.0, 0.0, 111.0, 223.0, 403.0, 570.0, 350.0, 364.0, 474.0, 570.0, 550.0, 291.0], [304.0, 407.0, 326.0, 522.0, 509.0, 100.0, 200.0, 250.0, 139.0, 583.0, 390.0, 380.0, 452.0, 254.0, 223.0, 353.0, 111.0, 0.0, 180.0, 316.0, 531.0, 412.0, 447.0, 559.0, 602.0, 608.0, 304.0], [158.0, 228.0, 274.0, 353.0, 403.0, 111.0, 111.0, 100.0, 104.0, 403.0, 223.0, 250.0, 304.0, 180.0, 304.0, 364.0, 223.0, 180.0, 0.0, 206.0, 353.0, 320.0, 390.0, 494.0, 452.0, 492.0, 158.0], [320.0, 282.0, 474.0, 427.0, 565.0, 300.0, 316.0, 111.0, 177.0, 400.0, 150.0, 70.0, 430.0, 380.0, 500.0, 570.0, 403.0, 316.0, 206.0, 0.0, 304.0, 500.0, 583.0, 680.0, 559.0, 640.0, 320.0], [316.0, 164.0, 490.0, 223.0, 460.0, 460.0, 403.0, 291.0, 413.0, 111.0, 158.0, 250.0, 304.0, 427.0, 626.0, 618.0, 570.0, 531.0, 353.0, 304.0, 0.0, 450.0, 550.0, 608.0, 360.0, 492.0, 316.0], [180.0, 292.0, 104.0, 269.0, 100.0, 316.0, 223.0, 390.0, 418.0, 412.0, 427.0, 514.0, 158.0, 158.0, 316.0, 212.0, 350.0, 412.0, 320.0, 500.0, 450.0, 0.0, 100.0, 180.0, 250.0, 200.0, 180.0], [269.0, 392.0, 122.0, 364.0, 141.0, 360.0, 282.0, 471.0, 481.0, 509.0, 522.0, 604.0, 254.0, 212.0, 300.0, 158.0, 364.0, 447.0, 390.0, 583.0, 550.0, 100.0, 0.0, 111.0, 320.0, 223.0, 269.0], [360.0, 461.0, 233.0, 400.0, 150.0, 471.0, 390.0, 570.0, 588.0, 550.0, 604.0, 694.0, 304.0, 320.0, 403.0, 250.0, 474.0, 559.0, 494.0, 680.0, 608.0, 180.0, 111.0, 0.0, 316.0, 180.0, 360.0], [300.0, 277.0, 349.0, 141.0, 180.0, 502.0, 403.0, 474.0, 555.0, 269.0, 430.0, 540.0, 150.0, 364.0, 559.0, 460.0, 570.0, 602.0, 452.0, 559.0, 360.0, 250.0, 320.0, 316.0, 0.0, 150.0, 300.0], [335.0, 376.0, 301.0, 269.0, 100.0, 509.0, 412.0, 540.0, 596.0, 412.0, 531.0, 636.0, 212.0, 353.0, 509.0, 380.0, 550.0, 608.0, 492.0, 640.0, 492.0, 200.0, 223.0, 180.0, 150.0, 0.0, 335.0], [0.0, 152.0, 180.0, 223.0, 250.0, 206.0, 111.0, 212.0, 262.0, 320.0, 254.0, 335.0, 150.0, 111.0, 320.0, 304.0, 291.0, 304.0, 158.0, 320.0, 316.0, 180.0, 269.0, 360.0, 300.0, 335.0, 0.0]], "end_depot": 26, "horizon": [0.0, 2300.0], "instance_name": "R101_25_c", "profits": [0, 203.22, 166.16, 220.11, 221.81, 189.11, 163.41, 209.62, 206.08, 238.54, 167.02, 414.6, 228.26, 133.07, 353.57, 216.43, 138.35, 197.3, 245.2, 65.27, 259.7, 212.9, 211.6, 224.27, 238.44, 220.14, 0], "service_times": [0.0, 100.0, 100.0, 100.0, 100.0, 100.0, 100.0, 100.0, 100.0, 100.0, 100.0, 100.0, 100.0, 100.0, 100.0, 100.0, 100.0, 100.0, 100.0, 100.0, 100.0, 100.0, 100.0, 100.0, 100.0, 100.0, 0.0], "speed_zone_count": 5, "speed_zones": [[0.0, 460.0], [460.0, 690.0], [690.0, 1610.0], [1610.0, 1840.0], [1840.0, 2300.0]], "start_depot": 0, "vehicle_count": 25}